12.453386545 41.90328218
12.4417701578 43.9360958348
9.51666947291 47.1337237743
6.13000280623 49.6116603791
158.149974324 6.91664369601
171.380000176 7.10300431122
179.216647094 -8.51665199904
134.626548467 7.48739617298
7.40691317347 43.7396456879
173.017570829 1.33818750562
43.2402440987 -11.7041576957
1.51648596051 42.5000014435
-61.5170308854 10.6519970896
30.0585859191 -1.95164421006
31.1333345121 -26.3166507784
31.5800255928 4.82997519828
14.5149690335 46.0552883088
17.1169807522 48.15001833
51.5329678943 25.2865560089
19.2663069241 42.4659725129
7.46697546248 46.9166827587
21.1659842516 42.6667096141
-61.3870129818 15.3010156443
43.1480016671 11.5950144643
-16.5917014892 13.4538764603
21.4334614651 42.0000061229
-59.6165267351 13.1020025828
29.3600060615 -3.37608722037
-61.2120624203 13.1482788279
-61.0000081804 14.0019734893
-62.7170093197 17.3020304555
57.4999938546 -20.1666385714
-61.7416432261 12.0526334017
50.5830517159 26.2361362905
-61.8500338151 17.1180365183
-56.172998147 -34.8560957076
1.22081126075 6.13388293027
10.1796780992 36.8027781362
54.3665933826 24.4666835724
58.3832991118 37.9499949331
28.2813817361 -15.4146984093
31.0427635721 -17.8158438358
125.579455932 -8.55938840855
168.316640584 -17.733350404
-87.2194751979 14.1039907591
-58.1670286475 6.80197369275
-21.9500144872 64.1500236197
-72.3379804469 18.5429704547
32.5813776671 0.318604813383
-55.1670308854 5.83503012992
2.11471018653 13.5186518105
68.7738793527 38.5600352163
-57.6434510279 -25.2944571171
-86.2704375189 12.1549624388
-13.236161599 8.4719572711
73.1646886211 33.701941809
85.3146963522 27.7186377725
26.2299128812 -29.1199938774
28.2274832172 -25.7049746952
147.192503621 -9.46470782587
159.949765734 -9.43799429509
-79.5349830104 8.96996304909
-6.83640815613 34.0253073111
28.8577111397 47.0050236197
32.587217104 -25.9533316288
45.3647317525 2.06862719295
58.5933121326 23.6133248077
79.8577506093 6.93196575818
106.914669904 47.9186192586
174.783274291 -41.2999739393
17.0835461005 -22.5700060844
7.53138214293 9.08527900775
-15.5983608413 11.865023823
35.9313540669 31.9519711058
25.3166352933 54.6833663118
24.0999653714 56.9500238232
74.5832583639 42.8750253051
27.48327307 -29.3166743787
47.5146780415 -18.914691492
-78.5019969671 -0.213042322036
-84.0859972113 9.93695828836
-89.2049870795 13.7119475055
-76.7674337137 17.9770766238
15.0472024555 12.1150423948
8.78327754582 3.75001527803
38.9333235258 15.3333392527
15.9999946682 45.8000067333
24.7280407295 59.4338773795
33.78330196 -13.9832950655
-90.5289114366 14.6230805214
9.45796504582 0.385388609719
178.441707315 -18.1330159314
-15.9753404149 18.0864270212
-8.00198496325 12.6519605263
35.5077623514 33.8739209756
44.788849591 41.7269558471
71.4277742095 51.1811253043
102.59998002 17.9666927276
15.2827436338 -4.2572399132
-13.6821808861 9.53346870502
-5.27550256491 6.81838096
-75.7019611598 45.4186426554
20.466044822 44.8205913044
114.933284057 4.88333111462
-65.2595156267 -19.0409708467
-88.7670729998 17.2520335072
18.5582881253 4.36664430635
11.5147048969 3.86864652075
19.8188830146 41.3275407095
44.5116055318 40.1830965941
49.8602713033 40.3972178913
104.914688621 11.5519759886
-68.1519310491 -16.496027755
2.51804474057 6.40195442278
23.3147081521 42.6852952839
27.5646812967 53.901923295
89.639014037 27.4729858592
25.9119477933 -24.6463134574
149.129026244 -35.2830285454
-1.52666961492 12.3722618365
18.383001667 43.850022399
96.1166726706 19.7685028848
-175.220564478 -21.1385123567
44.0653100167 9.56002239882
55.4499897856 -4.61663165397
6.73332515323 0.333402118833
-171.738641609 -13.8415450424
14.5147106513 35.8997324819
73.499947468 4.16670818981
35.2066259346 31.7784078156
-23.516688885 14.9166980173
-77.3500437843 25.0833901154
33.3666348864 35.1666764517
105.848068341 21.0352731077
32.8624457824 39.9291844441
19.0813748188 47.501952185
44.2046475239 15.3566791543
26.0980007954 44.4353176635
36.2980500304 33.5019798542
-9.1468121641 38.7246687365
32.53223338 15.5900240843
10.7480333474 59.918636145
20.9980536925 52.2519464884
125.752744855 39.021384558
39.2663959777 -6.79806673612
-6.25085154039 53.3350069946
-10.7996604368 6.31458164716
101.698037417 3.16861173071
-82.36612803 23.1339046995
14.464033917 50.0852828735
47.9763552876 29.3716634886
-69.9020309433 18.4720187132
-0.218661598961 5.55198046445
13.1800117581 32.8925000194
24.9321804828 60.1775092326
12.5615398887 55.680510049
-4.04199411851 5.3219428261
-47.917998147 -15.7813943729
4.33137074969 50.8352629353
90.4066336081 23.7250055703
13.2324811827 -8.83634025501
3.04860667091 36.7650106566
96.1647317527 16.7852999632
-66.9189830511 10.502944413
30.5146821105 50.4353131876
69.2929869609 41.3136477416
-3.68529754461 40.4019721231
18.0953888742 59.3527058129
100.514698794 13.7519450641
-77.0520079534 -12.0460668175
-17.4750759871 14.7177775836
28.028063865 -26.1680988814
4.9146943174 52.3519145467
126.997785138 37.5682949584
120.980271304 14.6061048134
13.3996027647 52.5237645223
15.3130260232 -4.32777824328
77.1999800201 28.6000230092
23.7313752257 37.9852720906
44.3919229146 33.3405943562
38.6980585753 9.0352562213
51.422398175 35.673888627
-58.3994772323 -34.6005557499
69.1813141907 34.5186361449
16.3646930967 48.2019611368
121.568333333 25.0358333333
-77.0113644394 38.9014952351
-0.118667702476 51.5019405883
46.7707957987 24.6427790078
18.4330422992 -33.9180651086
37.6135769673 55.7541099812
-99.1329340603 19.4443883014
12.4813125629 41.8979014851
116.386339826 39.9308380899
36.8147110005 -1.28140088324
106.827491762 -6.1724718468
-74.0852898138 4.59836942115
31.2480223611 30.0519062051
139.749461571 35.6869627644
2.33138946713 48.8686387898
-70.6689867132 -33.4480679569
103.853874819 1.29497932511
